					Gruppe A          |  Gruppe B
d_iat_result:        -0.0451991438125 |     -0.0424351255385
d_abweichung:          0.188725355562 |     0.206389602462
antwort 0 :           1.375   |    1.07692307692
antwort 1 :           1.6875   |    1.76923076923
antwort 2 :           1.8125   |    1.92307692308
antwort 3 :           1.8125   |    1.84615384615
antwort 4 :           1.8125   |    1.84615384615
antwort 5 :           2.25   |    2.0
antwort 6 :           3.8125   |    3.69230769231
antwort 7 :           3.5   |    3.30769230769
antwort 8 :           3.4375   |    3.84615384615


step3: compute results
0 answers:  [25, 3, 0, 0, 1, 0, 0]
a:  [13, 2, 0, 0, 1, 0, 0]
b:  [12, 1, 0, 0, 0, 0, 0]
male:  [18, 2, 0, 0, 1, 0, 0]
female:  [7, 1, 0, 0, 0, 0, 0]
precentage results
all:  [86.20689654875149, 10.34482758585018, 0.0, 0.0, 3.448275861950059, 0.0, 0.0]
a:  [81.24999999492188, 12.49999999921875, 0.0, 0.0, 6.249999999609375, 0.0, 0.0]
b:  [92.30769230059171, 7.692307691715976, 0.0, 0.0, 0.0, 0.0, 0.0]
male:  [85.71428571020408, 9.52380952335601, 0.0, 0.0, 4.761904761678005, 0.0, 0.0]
female:  [87.4989062636717, 12.499843751953101, 0.0, 0.0, 0.0, 0.0, 0.0]
a_male:  [72.7266115762584, 18.1816528940646, 0.0, 0.0, 9.0908264470323, 0.0, 0.0]
b_male:  [99.9990000099999, 0.0, 0.0, 0.0, 0.0, 0.0, 0.0]
a_female:  [99.9980000399992, 0.0, 0.0, 0.0, 0.0, 0.0, 0.0]
b_female:  [66.66444451851604, 33.33222225925802, 0.0, 0.0, 0.0, 0.0, 0.0]

1 answers:  [8, 21]
a:  [5, 11]
b:  [3, 10]
male:  [0, 21]
female:  [8, 0]
precentage results
all:  [27.586206895600473, 72.41379310095125]
a:  [31.249999998046874, 68.74999999570312]
b:  [23.076923075147928, 76.92307691715976]
male:  [0.0, 99.9999999952381]
female:  [99.99875001562481, 0.0]
a_male:  [0.0, 99.9990909173553]
b_male:  [0.0, 99.9990000099999]
a_female:  [99.9980000399992, 0.0]
b_female:  [99.99666677777407, 0.0]

2 answers:  [4, 25]
a:  [3, 13]
b:  [1, 12]
male:  [3, 18]
female:  [1, 7]
precentage results
all:  [13.793103447800236, 86.20689654875149]
a:  [18.749999998828127, 81.24999999492188]
b:  [7.692307691715976, 92.30769230059171]
male:  [14.285714285034013, 85.71428571020408]
female:  [12.499843751953101, 87.4989062636717]
a_male:  [27.2724793410969, 72.7266115762584]
b_male:  [0.0, 99.9990000099999]
a_female:  [0.0, 99.9980000399992]
b_female:  [33.332222259258025, 66.66444451851605]

3 answers:  [3, 26]
a:  [1, 15]
b:  [2, 11]
male:  [2, 19]
female:  [1, 7]
precentage results
all:  [10.34482758585018, 89.65517241070154]
a:  [6.249999999609375, 93.74999999414062]
b:  [15.384615383431951, 84.61538460887574]
male:  [9.52380952335601, 90.47619047188209]
female:  [12.499843751953101, 87.4989062636717]
a_male:  [9.0908264470323, 90.90826447032299]
b_male:  [9.999900000999991, 89.9991000089999]
a_female:  [0.0, 99.9980000399992]
b_female:  [33.332222259258025, 66.66444451851605]

4 answers:  [14, 12, 0, 2, 1]
a:  [7, 8, 0, 1, 0]
b:  [7, 4, 0, 1, 1]
male:  [13, 7, 0, 1, 0]
female:  [1, 5, 0, 1, 1]
precentage results
all:  [48.275862067300835, 41.37931034340072, 0.0, 6.896551723900118, 3.448275861950059]
a:  [43.749999997265625, 49.999999996875, 0.0, 6.249999999609375, 0.0]
b:  [53.84615384201184, 30.769230766863902, 0.0, 7.692307691715976, 7.692307691715976]
male:  [61.904761901814055, 33.333333331746026, 0.0, 4.761904761678005, 0.0]
female:  [12.499843751953101, 62.499218759765505, 0.0, 12.499843751953101, 12.499843751953101]
a_male:  [54.5449586821938, 45.454132235161495, 0.0, 0.0, 0.0]
b_male:  [69.99930000699993, 19.999800001999983, 0.0, 9.999900000999991, 0.0]
a_female:  [19.99960000799984, 59.99880002399952, 0.0, 19.99960000799984, 0.0]
b_female:  [0.0, 66.66444451851604, 0.0, 0.0, 33.33222225925802]

5 answers:  [0, 29]
a:  [0, 16]
b:  [0, 13]
male:  [0, 21]
female:  [0, 8]
precentage results
all:  [0.0, 99.99999999655172]
a:  [0.0, 99.99999999375]
b:  [0.0, 99.99999999230769]
male:  [0.0, 99.9999999952381]
female:  [0.0, 99.99875001562481]
a_male:  [0.0, 99.9990909173553]
b_male:  [0.0, 99.9990000099999]
a_female:  [0.0, 99.9980000399992]
b_female:  [0.0, 99.99666677777407]

6 answers:  [0, 6, 3, 11, 9]
a:  [0, 1, 3, 7, 5]
b:  [0, 5, 0, 4, 4]
male:  [0, 6, 3, 7, 5]
female:  [0, 0, 0, 4, 4]
precentage results
all:  [0.0, 20.68965517170036, 10.34482758585018, 37.93103448145065, 31.034482757550535]
a:  [0.0, 6.249999999609375, 18.749999998828127, 43.749999997265625, 31.249999998046874]
b:  [0.0, 38.46153845857988, 0.0, 30.769230766863902, 30.769230766863902]
male:  [0.0, 28.571428570068026, 14.285714285034013, 33.333333331746026, 23.809523808390022]
female:  [0.0, 0.0, 0.0, 49.999375007812404, 49.999375007812404]
a_male:  [0.0, 9.0908264470323, 27.2724793410969, 45.454132235161495, 18.1816528940646]
b_male:  [0.0, 49.99950000499995, 0.0, 19.999800001999983, 29.99970000299997]
a_female:  [0.0, 0.0, 0.0, 39.99920001599968, 59.99880002399952]
b_female:  [0.0, 0.0, 0.0, 66.66444451851604, 33.33222225925802]

7 answers:  [0, 6, 7, 16, 0]
a:  [0, 3, 4, 9, 0]
b:  [0, 3, 3, 7, 0]
male:  [0, 5, 5, 11, 0]
female:  [0, 1, 2, 5, 0]
precentage results
all:  [0.0, 20.68965517170036, 24.137931033650418, 55.172413791200945, 0.0]
a:  [0.0, 18.749999998828127, 24.9999999984375, 56.24999999648438, 0.0]
b:  [0.0, 23.076923075147928, 23.076923075147928, 53.84615384201184, 0.0]
male:  [0.0, 23.809523808390022, 23.809523808390022, 52.38095237845805, 0.0]
female:  [0.0, 12.499843751953101, 24.999687503906202, 62.499218759765505, 0.0]
a_male:  [0.0, 18.1816528940646, 18.1816528940646, 63.63578512922609, 0.0]
b_male:  [0.0, 29.99970000299997, 29.99970000299997, 39.999600003999966, 0.0]
a_female:  [0.0, 19.99960000799984, 39.99920001599968, 39.99920001599968, 0.0]
b_female:  [0.0, 0.0, 0.0, 99.99666677777407, 0.0]

8 answers:  [0, 0, 12, 15, 0, 2]
a:  [0, 0, 7, 8, 0, 1]
b:  [0, 0, 5, 7, 0, 1]
male:  [0, 0, 10, 10, 0, 1]
female:  [0, 0, 2, 5, 0, 1]
precentage results
all:  [0.0, 0.0, 41.37931034340072, 51.724137929250894, 0.0, 6.896551723900118]
a:  [0.0, 0.0, 43.749999997265625, 49.999999996875, 0.0, 6.249999999609375]
b:  [0.0, 0.0, 38.46153845857988, 53.84615384201184, 0.0, 7.692307691715976]
male:  [0.0, 0.0, 47.619047616780044, 47.619047616780044, 0.0, 4.761904761678005]
female:  [0.0, 0.0, 24.999687503906202, 62.499218759765505, 0.0, 12.499843751953101]
a_male:  [0.0, 0.0, 45.454132235161495, 45.454132235161495, 0.0, 9.0908264470323]
b_male:  [0.0, 0.0, 49.99950000499995, 49.99950000499995, 0.0, 0.0]
a_female:  [0.0, 0.0, 39.99920001599968, 59.99880002399952, 0.0, 0.0]
b_female:  [0.0, 0.0, 0.0, 66.66444451851604, 0.0, 33.33222225925802]

step3: complete

end prozess answers ;):)
					Gruppe A          |  Gruppe B
d_iat_result:        -0.0451991438125 |     -0.0424351255385
d_abweichung:          0.188725355562 |     0.206389602462
antwort 0 :           1.375   |    1.07692307692
antwort 1 :           1.6875   |    1.76923076923
antwort 2 :           1.8125   |    1.92307692308
antwort 3 :           1.9375   |    1.84615384615
antwort 4 :           1.6875   |    1.84615384615
antwort 5 :           2.0   |    2.0
antwort 6 :           4.0   |    3.53846153846
antwort 7 :           3.375   |    3.30769230769
antwort 8 :           3.6875   |    3.76923076923
av_male_a_iat:  -0.0814903373636
av_female_a_iat:  0.034641482
av_male_b_iat:  -0.0308307796
av_female_b_iat:  -0.0811162786667

meetlover, a/b differentiation 
av_meetlover_a_iat:  -0.0457431427333
av_meetnonlover_a_iat:  -0.03703916
av_meetlover_b_iat:  -0.0408792847273
av_meetnonlover_b_iat:  -0.05099225




